# Infra travel-time table 
  3 # number of depth samples
 -10.00 0.00 600.00
181 # number of distance samples
 0.00	 1.00	 2.00	 3.00	 4.00	 5.00	 6.00	 7.00	 8.00	 9.00	
 10.00	 11.00	 12.00	 13.00	 14.00	 15.00	 16.00	 17.00	 18.00	 19.00	
 20.00	 21.00	 22.00	 23.00	 24.00	 25.00	 26.00	 27.00	 28.00	 29.00	
 30.00	 31.00	 32.00	 33.00	 34.00	 35.00	 36.00	 37.00	 38.00	 39.00	
 40.00	 41.00	 42.00	 43.00	 44.00	 45.00	 46.00	 47.00	 48.00	 49.00	
 50.00	 51.00	 52.00	 53.00	 54.00	 55.00	 56.00	 57.00	 58.00	 59.00	
 60.00	 61.00	 62.00	 63.00	 64.00	 65.00	 66.00	 67.00	 68.00	 69.00	
 70.00	 71.00	 72.00	 73.00	 74.00	 75.00	 76.00	 77.00	 78.00	 79.00	
 80.00	 81.00	 82.00	 83.00	 84.00	 85.00	 86.00	 87.00	 88.00	 89.00	
 90.00	 91.00	 92.00	 93.00	 94.00	 95.00	 96.00	 97.00	 98.00	 99.00	
 100.00	 101.00	 102.00	 103.00	 104.00	 105.00	 106.00	 107.00	 108.00	 109.00	
 110.00	 111.00	 112.00	 113.00	 114.00	 115.00	 116.00	 117.00	 118.00	 119.00	
 120.00	 121.00	 122.00	 123.00	 124.00	 125.00	 126.00	 127.00	 128.00	 129.00	
 130.00	 131.00	 132.00	 133.00	 134.00	 135.00	 136.00	 137.00	 138.00	 139.00	
 140.00	 141.00	 142.00	 143.00	 144.00	 145.00	 146.00	 147.00	 148.00	 149.00	
 150.00	 151.00	 152.00	 153.00	 154.00	 155.00	 156.00	 157.00	 158.00	 159.00	
 160.00	 161.00	 162.00	 163.00	 164.00	 165.00	 166.00	 167.00	 168.00	 169.00	
 170.00	 171.00	 172.00	 173.00	 174.00	 175.00	 176.00	 177.00	 178.00	 179.00	
 180.00	
# Infra phase at z = -10.00
0.000
336.939
753.831
1130.746
1507.661
1884.576
2261.492
2638.407
3015.322
3392.237
3769.153
4146.068
4522.983
4899.898
5276.814
5653.729
6030.644
6407.559
6784.475
7161.390
7538.305
7706.238
8073.201
8440.165
8807.129
9174.092
9541.056
9908.020
10274.983
10641.947
11008.911
11375.875
11742.838
12109.802
12476.766
12843.729
13210.693
13577.657
13944.620
14311.584
14678.548
15045.512
15412.475
15779.439
16146.403
16513.366
16880.330
17247.294
17614.257
17981.221
18348.185
18715.149
19082.112
19449.076
19816.040
20183.003
20549.967
20916.931
21283.894
21650.858
22017.822
22384.785
22751.749
23118.713
23485.677
23852.640
24219.604
24586.568
24953.531
25320.495
25687.459
26054.422
26421.386
26788.350
27155.314
27522.277
27889.241
28256.205
28623.168
28990.132
29357.096
29724.059
30091.023
30457.987
30824.950
31191.914
31558.878
31925.842
32292.805
32659.769
33026.733
33393.696
33760.660
34127.624
34494.587
34861.551
35228.515
35595.479
35962.442
36329.406
36696.370
37063.333
37430.297
37797.261
38164.224
38531.188
38898.152
39265.116
39632.079
39999.043
40366.007
40732.970
41099.934
41466.898
41833.861
42200.825
42567.789
42934.752
43301.716
43668.680
44035.644
44402.607
44769.571
45136.535
45503.498
45870.462
46237.426
46604.389
46971.353
47338.317
47705.281
48072.244
48439.208
48806.172
49173.135
49540.099
49907.063
50274.026
50640.990
51007.954
51374.917
51741.881
52108.845
52475.809
52842.772
53209.736
53576.700
53943.663
54310.627
54677.591
55044.554
55411.518
55778.482
56145.446
56512.409
56879.373
57246.337
57613.300
57980.264
58347.228
58714.191
59081.155
59448.119
59815.083
60182.046
60549.010
60915.974
61282.937
61649.901
62016.865
62383.828
62750.792
63117.756
63484.719
63851.683
64218.647
64585.611
64952.574
65319.538
65686.502
66053.465
# Infra phase at z = 0.00
0.000
336.939
753.831
1130.746
1507.661
1884.576
2261.492
2638.407
3015.322
3392.237
3769.153
4146.068
4522.983
4899.898
5276.814
5653.729
6030.644
6407.559
6784.475
7161.390
7538.305
7706.238
8073.201
8440.165
8807.129
9174.092
9541.056
9908.020
10274.983
10641.947
11008.911
11375.875
11742.838
12109.802
12476.766
12843.729
13210.693
13577.657
13944.620
14311.584
14678.548
15045.512
15412.475
15779.439
16146.403
16513.366
16880.330
17247.294
17614.257
17981.221
18348.185
18715.149
19082.112
19449.076
19816.040
20183.003
20549.967
20916.931
21283.894
21650.858
22017.822
22384.785
22751.749
23118.713
23485.677
23852.640
24219.604
24586.568
24953.531
25320.495
25687.459
26054.422
26421.386
26788.350
27155.314
27522.277
27889.241
28256.205
28623.168
28990.132
29357.096
29724.059
30091.023
30457.987
30824.950
31191.914
31558.878
31925.842
32292.805
32659.769
33026.733
33393.696
33760.660
34127.624
34494.587
34861.551
35228.515
35595.479
35962.442
36329.406
36696.370
37063.333
37430.297
37797.261
38164.224
38531.188
38898.152
39265.116
39632.079
39999.043
40366.007
40732.970
41099.934
41466.898
41833.861
42200.825
42567.789
42934.752
43301.716
43668.680
44035.644
44402.607
44769.571
45136.535
45503.498
45870.462
46237.426
46604.389
46971.353
47338.317
47705.281
48072.244
48439.208
48806.172
49173.135
49540.099
49907.063
50274.026
50640.990
51007.954
51374.917
51741.881
52108.845
52475.809
52842.772
53209.736
53576.700
53943.663
54310.627
54677.591
55044.554
55411.518
55778.482
56145.446
56512.409
56879.373
57246.337
57613.300
57980.264
58347.228
58714.191
59081.155
59448.119
59815.083
60182.046
60549.010
60915.974
61282.937
61649.901
62016.865
62383.828
62750.792
63117.756
63484.719
63851.683
64218.647
64585.611
64952.574
65319.538
65686.502
66053.465
# Infra phase at z = 600.00
0.000
336.939
753.831
1130.746
1507.661
1884.576
2261.492
2638.407
3015.322
3392.237
3769.153
4146.068
4522.983
4899.898
5276.814
5653.729
6030.644
6407.559
6784.475
7161.390
7538.305
7706.238
8073.201
8440.165
8807.129
9174.092
9541.056
9908.020
10274.983
10641.947
11008.911
11375.875
11742.838
12109.802
12476.766
12843.729
13210.693
13577.657
13944.620
14311.584
14678.548
15045.512
15412.475
15779.439
16146.403
16513.366
16880.330
17247.294
17614.257
17981.221
18348.185
18715.149
19082.112
19449.076
19816.040
20183.003
20549.967
20916.931
21283.894
21650.858
22017.822
22384.785
22751.749
23118.713
23485.677
23852.640
24219.604
24586.568
24953.531
25320.495
25687.459
26054.422
26421.386
26788.350
27155.314
27522.277
27889.241
28256.205
28623.168
28990.132
29357.096
29724.059
30091.023
30457.987
30824.950
31191.914
31558.878
31925.842
32292.805
32659.769
33026.733
33393.696
33760.660
34127.624
34494.587
34861.551
35228.515
35595.479
35962.442
36329.406
36696.370
37063.333
37430.297
37797.261
38164.224
38531.188
38898.152
39265.116
39632.079
39999.043
40366.007
40732.970
41099.934
41466.898
41833.861
42200.825
42567.789
42934.752
43301.716
43668.680
44035.644
44402.607
44769.571
45136.535
45503.498
45870.462
46237.426
46604.389
46971.353
47338.317
47705.281
48072.244
48439.208
48806.172
49173.135
49540.099
49907.063
50274.026
50640.990
51007.954
51374.917
51741.881
52108.845
52475.809
52842.772
53209.736
53576.700
53943.663
54310.627
54677.591
55044.554
55411.518
55778.482
56145.446
56512.409
56879.373
57246.337
57613.300
57980.264
58347.228
58714.191
59081.155
59448.119
59815.083
60182.046
60549.010
60915.974
61282.937
61649.901
62016.865
62383.828
62750.792
63117.756
63484.719
63851.683
64218.647
64585.611
64952.574
65319.538
65686.502
66053.465
# Distance-dependent modelling error(s)
   72    2
0.0 0.5 1.0 1.5 2.0 2.5 3.0 3.5 4.0 4.5 5.0 5.5 6.0 6.5 7.0 7.5 8.0 8.5 9.0 9.5 10.0 10.5 11.0 11.5 12.0 12.5 13.0 13.5 14.0 14.5 15.0 16.0 17.0 18.0 19.0 20.0 21.0 22.0 23.0 24.0 25.0 26.0 27.0 28.0 29.0 30.0 32.0 34.0 36.0 38.0 40.0 42.0 44.0 46.0 48.0 50.0 52.0 54.0 56.0 58.0 60.0 70.0 80.0 90.0 100.0 110.0 120.0 130.0 140.0 150.0 160.0 170.0 180.0 
#
  -200.0  2.0
# at -200 km depth
60.000
113.666
135.895
185.903
214.663
240.000
262.907
283.972
303.579
321.994
339.411
355.978
371.806
386.988
401.597
415.692
429.325
442.538
455.368
467.846
480.000
491.854
503.428
514.743
525.814
536.656
547.284
557.710
567.944
577.997
587.878
607.157
625.843
643.988
661.634
271.529
278.234
284.782
291.182
297.445
303.579
309.591
315.488
321.277
326.964
332.554
343.460
354.031
364.294
374.277
384.000
393.483
402.743
411.794
420.651
429.325
437.827
446.168
454.355
462.397
470.302
507.984
543.058
576.000
607.157
636.792
665.108
692.266
718.398
743.613
768.000
791.636
814.587
# at 2 km depth
60.000
113.666
135.895
185.903
214.663
240.000
262.907
283.972
303.579
321.994
339.411
355.978
371.806
386.988
401.597
415.692
429.325
442.538
455.368
467.846
480.000
491.854
503.428
514.743
525.814
536.656
547.284
557.710
567.944
577.997
587.878
607.157
625.843
643.988
661.634
271.529
278.234
284.782
291.182
297.445
303.579
309.591
315.488
321.277
326.964
332.554
343.460
354.031
364.294
374.277
384.000
393.483
402.743
411.794
420.651
429.325
437.827
446.168
454.355
462.397
470.302
507.984
543.058
576.000
607.157
636.792
665.108
692.266
718.398
743.613
768.000
791.636
814.587
